c = 299792457; % meters/sec
GHZ = 1000000000; % Hz
f = 77; % GHz
M = 100; 
lambda = c * M / f * GHZ;
lambda;
